year;precipitation;groundwater_recharge;total_water_demand;irrigation_demand;livestock_demand;domestic_demand;industry_demand;desalination_abstraction;non_fossil_groundwater_abstraction;fossil_groundwater_abstraction;surface_water_abstraction
1958;105320.7;1.842466e+04;1.240271e+03;2.567172e+02;9.075903e+00;7.035085e+01;2.965345e+02;7.819520e-02;1.578050e+02;9.605518e+01;1.022803e+03
1959;107607.9;1.906277e+04;1.263867e+03;2.491914e+02;9.087683e+00;6.999585e+01;2.927089e+02;7.819841e-02;1.589786e+02;9.417191e+01;1.047292e+03
1960;106970.6;1.929269e+04;1.286309e+03;2.683438e+02;9.096911e+00;7.079368e+01;2.969852e+02;7.854259e-02;1.616251e+02;9.798092e+01;1.057636e+03
1961;108360.8;1.938216e+04;1.301974e+03;2.472240e+02;9.194707e+00;7.190644e+01;2.939789e+02;7.958519e-02;1.578365e+02;9.523442e+01;1.075869e+03
1962;107674.4;2.012807e+04;1.340273e+03;2.699045e+02;9.326740e+00;7.427825e+01;2.995416e+02;8.485989e-02;1.633814e+02;9.759015e+01;1.102542e+03
1963;107075.7;1.889539e+04;1.377605e+03;2.757943e+02;9.467585e+00;7.678063e+01;3.039562e+02;8.592174e-02;1.666739e+02;9.956730e+01;1.126480e+03
1964;107980.6;1.965432e+04;1.422722e+03;2.693915e+02;9.667082e+00;7.957987e+01;3.072403e+02;8.744435e-02;1.726709e+02;9.865677e+01;1.171901e+03
1965;102770.0;1.831378e+04;1.440017e+03;2.953839e+02;9.796026e+00;8.309584e+01;3.161794e+02;8.880307e-02;1.771955e+02;1.116812e+02;1.166128e+03
1966;107148.2;1.963368e+04;1.488454e+03;3.022438e+02;9.939404e+00;8.597727e+01;3.245849e+02;8.976766e-02;1.749214e+02;1.162553e+02;1.214247e+03
1967;106859.3;1.892819e+04;1.507054e+03;2.867716e+02;1.014174e+01;8.813137e+01;3.283281e+02;9.027309e-02;1.762961e+02;1.109723e+02;1.239926e+03
1968;107394.1;1.911356e+04;1.545472e+03;3.074388e+02;1.030209e+01;9.134187e+01;3.363150e+02;1.211720e-01;1.842438e+02;1.170748e+02;1.260693e+03
1969;106004.2;1.953185e+04;1.605865e+03;2.959441e+02;1.031957e+01;9.549285e+01;3.473062e+02;1.235256e-01;1.906198e+02;1.035907e+02;1.325526e+03
1970;107516.1;2.027389e+04;1.648668e+03;3.082265e+02;1.048817e+01;9.963617e+01;3.563934e+02;1.259156e-01;1.920923e+02;1.176699e+02;1.345814e+03
1971;107352.4;1.988769e+04;1.704735e+03;3.048382e+02;1.067126e+01;1.061983e+02;3.669833e+02;1.262854e-01;1.971673e+02;1.137569e+02;1.403779e+03
1972;104361.1;1.805678e+04;1.753408e+03;3.269686e+02;1.079622e+01;1.128837e+02;3.843082e+02;1.301501e-01;2.044375e+02;1.233191e+02;1.429938e+03
1973;112369.9;2.108282e+04;1.866790e+03;3.180942e+02;1.087340e+01;1.205986e+02;4.043014e+02;1.363218e-01;2.084988e+02;1.130642e+02;1.548609e+03
1974;111592.7;2.132096e+04;1.911845e+03;3.588977e+02;1.109296e+01;1.289288e+02;4.220515e+02;1.543942e-01;2.186035e+02;1.399686e+02;1.541087e+03
1975;112108.3;2.144489e+04;1.970528e+03;3.338038e+02;1.126177e+01;1.327812e+02;4.288328e+02;1.589532e-01;2.194561e+02;1.226044e+02;1.618560e+03
1976;106930.5;1.933942e+04;2.004772e+03;3.490618e+02;1.156196e+01;1.368868e+02;4.345990e+02;1.644300e-01;2.248602e+02;1.251583e+02;1.642287e+03
1977;108285.8;1.947622e+04;2.037298e+03;3.506353e+02;1.158232e+01;1.438734e+02;4.508900e+02;1.687499e-01;2.244991e+02;1.274570e+02;1.666673e+03
1978;109536.2;2.056892e+04;2.105373e+03;3.616340e+02;1.165267e+01;1.510129e+02;4.726796e+02;4.011853e-01;2.375085e+02;1.231822e+02;1.720561e+03
1979;107232.0;1.963771e+04;2.179298e+03;3.952619e+02;1.165214e+01;1.602106e+02;4.952771e+02;4.189371e-01;2.479542e+02;1.392049e+02;1.752862e+03
1980;105218.3;1.942663e+04;2.253756e+03;4.069851e+02;1.192645e+01;1.668736e+02;5.074524e+02;4.335801e-01;2.571206e+02;1.424481e+02;1.819272e+03
1981;108681.3;2.026707e+04;2.234938e+03;3.934621e+02;1.203509e+01;1.695038e+02;5.048214e+02;4.376436e-01;2.428267e+02;1.431779e+02;1.816370e+03
1982;106209.0;1.875407e+04;2.229400e+03;3.952684e+02;1.225212e+01;1.713790e+02;5.028853e+02;4.355978e-01;2.452439e+02;1.477208e+02;1.797519e+03
1983;105543.4;1.913346e+04;2.338480e+03;3.991173e+02;1.241416e+01;1.751028e+02;5.099090e+02;4.920062e-01;2.573254e+02;1.334413e+02;1.912596e+03
1984;107465.7;2.026476e+04;2.361669e+03;4.300419e+02;1.252975e+01;1.794963e+02;5.158284e+02;4.969419e-01;2.664687e+02;1.511994e+02;1.904256e+03
1985;105353.6;1.954294e+04;2.373313e+03;4.254018e+02;1.250721e+01;1.839058e+02;5.185167e+02;5.010989e-01;2.673072e+02;1.619026e+02;1.906150e+03
1986;103882.0;1.896519e+04;2.405291e+03;4.393776e+02;1.270457e+01;1.907333e+02;5.374449e+02;4.993589e-01;2.621502e+02;1.576217e+02;1.947665e+03
1987;100580.0;1.711225e+04;2.450155e+03;4.513418e+02;1.275024e+01;1.975413e+02;5.530885e+02;5.081663e-01;2.623204e+02;1.828449e+02;1.959886e+03
1988;107932.3;1.990606e+04;2.535976e+03;4.603209e+02;1.299280e+01;2.044772e+02;5.610817e+02;1.495866e+00;2.689600e+02;1.758569e+02;2.046625e+03
1989;107290.1;1.989125e+04;2.589509e+03;4.613603e+02;1.327078e+01;2.097637e+02;5.652815e+02;1.508676e+00;2.873260e+02;1.795078e+02;2.073242e+03
1990;106001.0;1.964180e+04;2.695370e+03;4.518477e+02;1.352964e+01;2.176972e+02;5.821940e+02;1.510387e+00;2.859810e+02;1.660949e+02;2.193222e+03
1991;103263.6;1.859070e+04;2.688324e+03;4.854624e+02;1.359055e+01;2.193675e+02;5.800131e+02;1.497886e+00;2.940989e+02;1.822646e+02;2.150731e+03
1992;101908.0;1.738842e+04;2.727056e+03;4.808207e+02;1.287003e+01;2.227035e+02;5.791599e+02;1.506966e+00;2.992014e+02;1.773549e+02;2.190316e+03
1993;105344.1;1.909304e+04;2.733245e+03;4.726534e+02;1.295724e+01;2.281263e+02;5.875140e+02;1.689513e+00;2.964975e+02;1.770582e+02;2.200672e+03
1994;105921.4;1.952238e+04;2.811483e+03;4.928462e+02;1.318408e+01;2.334139e+02;5.869077e+02;1.694975e+00;2.993745e+02;1.951862e+02;2.259856e+03
1995;106017.1;1.961840e+04;2.862349e+03;5.085294e+02;1.344540e+01;2.426824e+02;5.978767e+02;1.785975e+00;3.124308e+02;1.808044e+02;2.313546e+03
1996;108598.1;2.048384e+04;2.942290e+03;5.173590e+02;1.351765e+01;2.508037e+02;6.075101e+02;1.800781e+00;3.168956e+02;1.710293e+02;2.403234e+03
1997;105649.3;1.801436e+04;2.884901e+03;4.841717e+02;1.330337e+01;2.555671e+02;6.117599e+02;1.815173e+00;3.122947e+02;1.778930e+02;2.324575e+03
1998;109655.5;2.069389e+04;3.011283e+03;5.142541e+02;1.343099e+01;2.581417e+02;6.128141e+02;1.888392e+00;3.288071e+02;1.725377e+02;2.447737e+03
1999;110764.3;2.178196e+04;2.988770e+03;5.444907e+02;1.326431e+01;2.567636e+02;5.972857e+02;1.908601e+00;3.245006e+02;2.130532e+02;2.385262e+03
2000;111621.5;2.110852e+04;3.040650e+03;5.508757e+02;1.345371e+01;2.636664e+02;6.056781e+02;1.946920e+00;3.231867e+02;2.279515e+02;2.415052e+03
2001;106692.1;1.990214e+04;3.098849e+03;5.387893e+02;1.330349e+01;2.668529e+02;6.117305e+02;1.958823e+00;3.333481e+02;2.219812e+02;2.460141e+03
2002;105436.8;1.957023e+04;3.133060e+03;5.575756e+02;1.327385e+01;2.701192e+02;6.149443e+02;1.981367e+00;3.255503e+02;2.364296e+02;2.488142e+03
2003;106631.7;1.986482e+04;3.291463e+03;5.393882e+02;1.364151e+01;2.864491e+02;6.506351e+02;2.729980e+00;3.478443e+02;2.047515e+02;2.653678e+03
2004;108117.9;1.946547e+04;3.317184e+03;5.470788e+02;1.387210e+01;3.018764e+02;6.825975e+02;2.791574e+00;3.549497e+02;2.142974e+02;2.669633e+03
2005;106033.0;1.950384e+04;3.397232e+03;5.482621e+02;1.402931e+01;3.154872e+02;7.060196e+02;2.848908e+00;3.612154e+02;2.123912e+02;2.747909e+03
2006;110568.9;2.042194e+04;3.479219e+03;5.686167e+02;1.408722e+01;3.289363e+02;7.248468e+02;2.912625e+00;3.511415e+02;2.272167e+02;2.822926e+03
2007;108823.9;2.115807e+04;3.528915e+03;5.684213e+02;1.409530e+01;3.476664e+02;7.518585e+02;2.963569e+00;3.649346e+02;2.265947e+02;2.862057e+03
2008;111011.5;2.233682e+04;3.601789e+03;5.479839e+02;1.428492e+01;3.630059e+02;7.770096e+02;3.024343e+00;3.745777e+02;2.285990e+02;2.929489e+03
2009;107095.9;2.001682e+04;3.516619e+03;5.764355e+02;1.411306e+01;3.591931e+02;7.496906e+02;2.993083e+00;3.632948e+02;2.483348e+02;2.818507e+03
2010;113412.3;2.217418e+04;3.618542e+03;5.508726e+02;1.448537e+01;3.796500e+02;7.802520e+02;3.024498e+00;3.680147e+02;2.297060e+02;2.937975e+03
