year;precipitation;groundwater_recharge;baseflow;total_water_demand;irrigation_demand;livestock_demand;domestic_demand;industry_demand;desalination_abstraction;non_fossil_groundwater_abstraction;fossil_groundwater_abstraction;surface_water_abstraction
1958;105320.7;2.032896e+04;2.037913e+04;1.751724e+03;1.314715e+03;9.457758e+00;8.236483e+01;3.452571e+02;7.781194e-02;5.085710e+02;2.577755e+02;1.022747e+03
1959;107607.9;2.121414e+04;2.058396e+04;1.762058e+03;1.325063e+03;9.445654e+00;8.236483e+01;3.452571e+02;7.780032e-02;5.088935e+02;2.445723e+02;1.046162e+03
1960;106970.6;2.143332e+04;2.086957e+04;1.800743e+03;1.362501e+03;9.473442e+00;8.258542e+01;3.462533e+02;7.805278e-02;5.138168e+02;2.599582e+02;1.058993e+03
1961;108360.8;2.162950e+04;2.085957e+04;1.809708e+03;1.368117e+03;9.561733e+00;8.455039e+01;3.475571e+02;7.916817e-02;5.065023e+02;2.530676e+02;1.076249e+03
1962;107674.4;2.236880e+04;2.132827e+04;1.855120e+03;1.406176e+03;9.670618e+00;8.708667e+01;3.522603e+02;8.446515e-02;5.167314e+02;2.621117e+02;1.100919e+03
1963;107075.7;2.090851e+04;2.066916e+04;1.901641e+03;1.443851e+03;9.844786e+00;9.024818e+01;3.577652e+02;8.560151e-02;5.264913e+02;2.605952e+02;1.130814e+03
1964;107980.6;2.194202e+04;2.089600e+04;1.960916e+03;1.490326e+03;1.009450e+01;9.419986e+01;3.663722e+02;8.707649e-02;5.403445e+02;2.635390e+02;1.178417e+03
1965;102770.0;2.019921e+04;2.037088e+04;2.003348e+03;1.520988e+03;1.024555e+01;9.802385e+01;3.741659e+02;8.846375e-02;5.528715e+02;2.944245e+02;1.172787e+03
1966;107148.2;2.176615e+04;2.118689e+04;2.061460e+03;1.569366e+03;1.039853e+01;1.009500e+02;3.808208e+02;8.931185e-02;5.583050e+02;2.992845e+02;1.222795e+03
1967;106859.3;2.097339e+04;2.044114e+04;2.083164e+03;1.583441e+03;1.059330e+01;1.036026e+02;3.855960e+02;8.970034e-02;5.685547e+02;2.893908e+02;1.247280e+03
1968;107394.1;2.121479e+04;2.041804e+04;2.147932e+03;1.636717e+03;1.074725e+01;1.071087e+02;3.934353e+02;1.203945e-01;5.933694e+02;3.074616e+02;1.265507e+03
1969;106004.2;2.167534e+04;2.090901e+04;2.225212e+03;1.698922e+03;1.080039e+01;1.117698e+02;4.038038e+02;1.228900e-01;6.227463e+02;2.892325e+02;1.329728e+03
1970;107516.1;2.274495e+04;2.175922e+04;2.264532e+03;1.719955e+03;1.091211e+01;1.168882e+02;4.168996e+02;1.250962e-01;6.150950e+02;3.055578e+02;1.352449e+03
1971;107352.4;2.219932e+04;2.163517e+04;2.324133e+03;1.756599e+03;1.110301e+01;1.250753e+02;4.315118e+02;1.254158e-01;6.296722e+02;2.963282e+02;1.409999e+03
1972;104361.1;2.008433e+04;2.026070e+04;2.414252e+03;1.823964e+03;1.130390e+01;1.316015e+02;4.475429e+02;1.294614e-01;6.523068e+02;3.291902e+02;1.438706e+03
1973;112369.9;2.378459e+04;2.209198e+04;2.501131e+03;1.875162e+03;1.138704e+01;1.416119e+02;4.731567e+02;1.354234e-01;6.501698e+02;3.043671e+02;1.551977e+03
1974;111592.7;2.376483e+04;2.238993e+04;2.580874e+03;1.924589e+03;1.160880e+01;1.506757e+02;4.941685e+02;1.534823e-01;6.753551e+02;3.475919e+02;1.548161e+03
1975;112108.3;2.410439e+04;2.273845e+04;2.642324e+03;1.966719e+03;1.175506e+01;1.569191e+02;5.071056e+02;1.580014e-01;6.886282e+02;3.254641e+02;1.621428e+03
1976;106930.5;2.152304e+04;2.151086e+04;2.715746e+03;2.022043e+03;1.202936e+01;1.624013e+02;5.194597e+02;1.635630e-01;7.168824e+02;3.367992e+02;1.651800e+03
1977;108285.8;2.175887e+04;2.127275e+04;2.748373e+03;2.029460e+03;1.205649e+01;1.703640e+02;5.366645e+02;1.677937e-01;7.161811e+02;3.349180e+02;1.680121e+03
1978;109536.2;2.283528e+04;2.201840e+04;2.828137e+03;2.081374e+03;1.208733e+01;1.782742e+02;5.565723e+02;3.991877e-01;7.496375e+02;3.275026e+02;1.729221e+03
1979;107232.0;2.170220e+04;2.151454e+04;2.928384e+03;2.148042e+03;1.218172e+01;1.884456e+02;5.798847e+02;4.167743e-01;7.749451e+02;3.521716e+02;1.764613e+03
1980;105218.3;2.148720e+04;2.124874e+04;3.016470e+03;2.208179e+03;1.251384e+01;1.974465e+02;5.984808e+02;4.309256e-01;7.835012e+02;3.728063e+02;1.825510e+03
1981;108681.3;2.247296e+04;2.176248e+04;3.009894e+03;2.192427e+03;1.262324e+01;2.021927e+02;6.028042e+02;4.346643e-01;7.694265e+02;3.818857e+02;1.826461e+03
1982;106209.0;2.086642e+04;2.069747e+04;3.026196e+03;2.207354e+03;1.280909e+01;2.046107e+02;6.015843e+02;4.326170e-01;7.964293e+02;3.833388e+02;1.808660e+03
1983;105543.4;2.100709e+04;2.110467e+04;3.111405e+03;2.285500e+03;1.295143e+01;2.079705e+02;6.051491e+02;4.874428e-01;8.055247e+02;3.568147e+02;1.916824e+03
1984;107465.7;2.262723e+04;2.185842e+04;3.180342e+03;2.343486e+03;1.310213e+01;2.127703e+02;6.111359e+02;4.904693e-01;8.270175e+02;3.951922e+02;1.922103e+03
1985;105353.6;2.164468e+04;2.099805e+04;3.214080e+03;2.362961e+03;1.316884e+01;2.186924e+02;6.194048e+02;4.943862e-01;8.332684e+02;4.270652e+02;1.917294e+03
1986;103882.0;2.100928e+04;2.075497e+04;3.257638e+03;2.374963e+03;1.336700e+01;2.279095e+02;6.415707e+02;4.920687e-01;8.474595e+02;4.153432e+02;1.958191e+03
1987;100580.0;1.874633e+04;1.936776e+04;3.321078e+03;2.414568e+03;1.351543e+01;2.355306e+02;6.576192e+02;4.994590e-01;8.428194e+02;4.564957e+02;1.977756e+03
1988;107932.3;2.213293e+04;2.089887e+04;3.402717e+03;2.470181e+03;1.371577e+01;2.447842e+02;6.741773e+02;1.480828e+00;8.492064e+02;4.501314e+02;2.059730e+03
1989;107290.1;2.229463e+04;2.104152e+04;3.499131e+03;2.554804e+03;1.395378e+01;2.505474e+02;6.799684e+02;1.492999e+00;9.128422e+02;4.584594e+02;2.078469e+03
1990;106001.0;2.179827e+04;2.133346e+04;3.576507e+03;2.606407e+03;1.417565e+01;2.597198e+02;6.963598e+02;1.493350e+00;9.066059e+02;4.257154e+02;2.195603e+03
1991;103263.6;2.052456e+04;2.039512e+04;3.631379e+03;2.658307e+03;1.430718e+01;2.627612e+02;6.961370e+02;1.482126e+00;9.461447e+02;4.636705e+02;2.162542e+03
1992;101908.0;1.923514e+04;1.926803e+04;3.730322e+03;2.750390e+03;1.363838e+01;2.673869e+02;6.990648e+02;1.493416e+00;9.864084e+02;4.833175e+02;2.200351e+03
1993;105344.1;2.128016e+04;2.041420e+04;3.711611e+03;2.727049e+03;1.372286e+01;2.721643e+02;6.988157e+02;1.676219e+00;9.764785e+02;4.680665e+02;2.209357e+03
1994;105921.4;2.187241e+04;2.079896e+04;3.808736e+03;2.807404e+03;1.391930e+01;2.813595e+02;7.061958e+02;1.678751e+00;9.801448e+02;5.016577e+02;2.270404e+03
1995;106017.1;2.182281e+04;2.096243e+04;3.882337e+03;2.850957e+03;1.415053e+01;2.933755e+02;7.239968e+02;1.770842e+00;1.005873e+03;4.932619e+02;2.329438e+03
1996;108598.1;2.305344e+04;2.157510e+04;3.962017e+03;2.916907e+03;1.422112e+01;3.012981e+02;7.297298e+02;1.786180e+00;1.037238e+03;4.643881e+02;2.411690e+03
1997;105649.3;1.997930e+04;2.024194e+04;3.932285e+03;2.876722e+03;1.405407e+01;3.068642e+02;7.347736e+02;1.802485e+00;1.048000e+03;4.786211e+02;2.336891e+03
1998;109655.5;2.292999e+04;2.140073e+04;3.994798e+03;2.946028e+03;1.406845e+01;3.071280e+02;7.277110e+02;1.870231e+00;1.051282e+03;4.345489e+02;2.448129e+03
1999;110764.3;2.442755e+04;2.275547e+04;4.071545e+03;3.020106e+03;1.410646e+01;3.108421e+02;7.266135e+02;1.889373e+00;1.066940e+03;5.382366e+02;2.403879e+03
2000;111621.5;2.374969e+04;2.243693e+04;4.158556e+03;3.088568e+03;1.430529e+01;3.195960e+02;7.362163e+02;1.928353e+00;1.089482e+03;5.702806e+02;2.428707e+03
2001;106692.1;2.224912e+04;2.196397e+04;4.284034e+03;3.203972e+03;1.426808e+01;3.233291e+02;7.425972e+02;1.933008e+00;1.149669e+03;5.758775e+02;2.479178e+03
2002;105436.8;2.194448e+04;2.153789e+04;4.371972e+03;3.273722e+03;1.432344e+01;3.301226e+02;7.539425e+02;1.954645e+00;1.161769e+03;6.224365e+02;2.509188e+03
2003;106631.7;2.216120e+04;2.129615e+04;4.490548e+03;3.346136e+03;1.450038e+01;3.455013e+02;7.846043e+02;2.681103e+00;1.194080e+03;5.449101e+02;2.670531e+03
2004;108117.9;2.184455e+04;2.121966e+04;4.563696e+03;3.364908e+03;1.481843e+01;3.643714e+02;8.198599e+02;2.739173e+00;1.224181e+03;5.704598e+02;2.692320e+03
2005;106033.0;2.177708e+04;2.095628e+04;4.637541e+03;3.392522e+03;1.498494e+01;3.816436e+02;8.486427e+02;2.803875e+00;1.229271e+03;5.760408e+02;2.757292e+03
2006;110568.9;2.315309e+04;2.148961e+04;4.749486e+03;3.455831e+03;1.507380e+01;3.996644e+02;8.792637e+02;2.865498e+00;1.239331e+03;5.906479e+02;2.844800e+03
2007;108823.9;2.370317e+04;2.226463e+04;4.789930e+03;3.430557e+03;1.501983e+01;4.238642e+02;9.208299e+02;2.914895e+00;1.252847e+03;5.768870e+02;2.884985e+03
2008;111011.5;2.526878e+04;2.320629e+04;4.870734e+03;3.459425e+03;1.525336e+01;4.430727e+02;9.532807e+02;2.971640e+00;1.264900e+03;5.941258e+02;2.946092e+03
2009;107095.9;2.251995e+04;2.205718e+04;4.872641e+03;3.491893e+03;1.526963e+01;4.408613e+02;9.249373e+02;2.941366e+00;1.285224e+03;6.549936e+02;2.850514e+03
2010;113412.3;2.484475e+04;2.322698e+04;4.898860e+03;3.473312e+03;1.553733e+01;4.606571e+02;9.496330e+02;2.973308e+00;1.245517e+03;6.168501e+02;2.956512e+03
