year;precipitation;groundwater_recharge;baseflow;total_water_demand;irrigation_demand;livestock_demand;domestic_demand;industry_demand;desalination_abstraction;non_fossil_groundwater_abstraction;fossil_groundwater_abstraction;surface_water_abstraction
1958;105320.7;2.032858e+04;2.037896e+04;1.750733e+03;1.313730e+03;9.457896e+00;8.236329e+01;3.452518e+02;7.783209e-02;5.085050e+02;2.569960e+02;1.022552e+03
1959;107607.9;2.121389e+04;2.058389e+04;1.761082e+03;1.324092e+03;9.445258e+00;8.236350e+01;3.452516e+02;7.782274e-02;5.087546e+02;2.438623e+02;1.046144e+03
1960;106970.6;2.143261e+04;2.086935e+04;1.798553e+03;1.361361e+03;9.473262e+00;8.250732e+01;3.452838e+02;7.808110e-02;5.134782e+02;2.580319e+02;1.059148e+03
1961;108360.8;2.162866e+04;2.085930e+04;1.805255e+03;1.366854e+03;9.561817e+00;8.435247e+01;3.445673e+02;7.918950e-02;5.061237e+02;2.489564e+02;1.076337e+03
1962;107674.4;2.236777e+04;2.132815e+04;1.847213e+03;1.404338e+03;9.670479e+00;8.673317e+01;3.465434e+02;8.449748e-02;5.164185e+02;2.545381e+02;1.100817e+03
1963;107075.7;2.090793e+04;2.066919e+04;1.893447e+03;1.442367e+03;9.844749e+00;8.985826e+01;3.514478e+02;8.561929e-02;5.260149e+02;2.528039e+02;1.130838e+03
1964;107980.6;2.194105e+04;2.089580e+04;1.952356e+03;1.488638e+03;1.009370e+01;9.376649e+01;3.599326e+02;8.711340e-02;5.400039e+02;2.555551e+02;1.178109e+03
1965;102770.0;2.019856e+04;2.037091e+04;1.995069e+03;1.519474e+03;1.024533e+01;9.752057e+01;3.679035e+02;8.847452e-02;5.525032e+02;2.864355e+02;1.172832e+03
1966;107148.2;2.176532e+04;2.118663e+04;2.051806e+03;1.567268e+03;1.039846e+01;1.003392e+02;3.738775e+02;8.933765e-02;5.578732e+02;2.904876e+02;1.222526e+03
1967;106859.3;2.097262e+04;2.044093e+04;2.073499e+03;1.581360e+03;1.059295e+01;1.030005e+02;3.786148e+02;8.973064e-02;5.682049e+02;2.802741e+02;1.247031e+03
1968;107394.1;2.121416e+04;2.041778e+04;2.137992e+03;1.634763e+03;1.074699e+01;1.064763e+02;3.860789e+02;1.204654e-01;5.929366e+02;2.981203e+02;1.265293e+03
1969;106004.2;2.167460e+04;2.090905e+04;2.215967e+03;1.696982e+03;1.079973e+01;1.111632e+02;3.971041e+02;1.229502e-01;6.221776e+02;2.804731e+02;1.329763e+03
1970;107516.1;2.274428e+04;2.175915e+04;2.254298e+03;1.718235e+03;1.091184e+01;1.161998e+02;4.090733e+02;1.251636e-01;6.147552e+02;2.955776e+02;1.352617e+03
1971;107352.4;2.219785e+04;2.163466e+04;2.312432e+03;1.753967e+03;1.110280e+01;1.243091e+02;4.232041e+02;1.254793e-01;6.287339e+02;2.851116e+02;1.410162e+03
1972;104361.1;2.008218e+04;2.025999e+04;2.400964e+03;1.820399e+03;1.130332e+01;1.307960e+02;4.386287e+02;1.295232e-01;6.511603e+02;3.170223e+02;1.438664e+03
1973;112369.9;2.378174e+04;2.209089e+04;2.486740e+03;1.870321e+03;1.138640e+01;1.407696e+02;4.644423e+02;1.354932e-01;6.484747e+02;2.920725e+02;1.551613e+03
1974;111592.7;2.376196e+04;2.238895e+04;2.565952e+03;1.920174e+03;1.160870e+01;1.497384e+02;4.845961e+02;1.535529e-01;6.738510e+02;3.343939e+02;1.548030e+03
1975;112108.3;2.410152e+04;2.273753e+04;2.626910e+03;1.962487e+03;1.175439e+01;1.558464e+02;4.969921e+02;1.580893e-01;6.869937e+02;3.114890e+02;1.621478e+03
1976;106930.5;2.152084e+04;2.150986e+04;2.699719e+03;2.017425e+03;1.202903e+01;1.613182e+02;5.091286e+02;1.636277e-01;7.153702e+02;3.221395e+02;1.651874e+03
1977;108285.8;2.175604e+04;2.127154e+04;2.729293e+03;2.024212e+03;1.205598e+01;1.690002e+02;5.242020e+02;1.678878e-01;7.142449e+02;3.182700e+02;1.679548e+03
1978;109536.2;2.283184e+04;2.201735e+04;2.810426e+03;2.075599e+03;1.208715e+01;1.769007e+02;5.460068e+02;3.993729e-01;7.476542e+02;3.120827e+02;1.728951e+03
1979;107232.0;2.169946e+04;2.151352e+04;2.909807e+03;2.142844e+03;1.218112e+01;1.870402e+02;5.679064e+02;4.170575e-01;7.733258e+02;3.353215e+02;1.764484e+03
1980;105218.3;2.148471e+04;2.124782e+04;2.995802e+03;2.203371e+03;1.251293e+01;1.958076e+02;5.842694e+02;4.311815e-01;7.819052e+02;3.535712e+02;1.825857e+03
1981;108681.3;2.246918e+04;2.176104e+04;2.984371e+03;2.186207e+03;1.262190e+01;2.001318e+02;5.855590e+02;4.348982e-01;7.673144e+02;3.586120e+02;1.826301e+03
1982;106209.0;2.086157e+04;2.069577e+04;3.000935e+03;2.200542e+03;1.280821e+01;2.025814e+02;5.851627e+02;4.328943e-01;7.936451e+02;3.609933e+02;1.808456e+03
1983;105543.4;2.100222e+04;2.110298e+04;3.087952e+03;2.278043e+03;1.295071e+01;2.062142e+02;5.908953e+02;4.877397e-01;8.025486e+02;3.367111e+02;1.916702e+03
1984;107465.7;2.262165e+04;2.185701e+04;3.155191e+03;2.335566e+03;1.310033e+01;2.108740e+02;5.957983e+02;4.909641e-01;8.235082e+02;3.732109e+02;1.922322e+03
1985;105353.6;2.163962e+04;2.099655e+04;3.185104e+03;2.355022e+03;1.316791e+01;2.163008e+02;6.007585e+02;4.949583e-01;8.303027e+02;4.011714e+02;1.917071e+03
1986;103882.0;2.100433e+04;2.075340e+04;3.228182e+03;2.366790e+03;1.336537e+01;2.253286e+02;6.228719e+02;4.924144e-01;8.441421e+02;3.891062e+02;1.958358e+03
1987;100580.0;1.873987e+04;1.936581e+04;3.289103e+03;2.404688e+03;1.351387e+01;2.327712e+02;6.382898e+02;5.000031e-01;8.384047e+02;4.296601e+02;1.977214e+03
1988;107932.3;2.212652e+04;2.089694e+04;3.367793e+03;2.460306e+03;1.371566e+01;2.416302e+02;6.522793e+02;1.481713e+00;8.447914e+02;4.197185e+02;2.059376e+03
1989;107290.1;2.228873e+04;2.103991e+04;3.463980e+03;2.544228e+03;1.395192e+01;2.473435e+02;6.585956e+02;1.494186e+00;9.085355e+02;4.285041e+02;2.077504e+03
1990;106001.0;2.179200e+04;2.133167e+04;3.541790e+03;2.596457e+03;1.417341e+01;2.564589e+02;6.748513e+02;1.494644e+00;9.025387e+02;3.952420e+02;2.195409e+03
1991;103263.6;2.051763e+04;2.039333e+04;3.593035e+03;2.646818e+03;1.430488e+01;2.589944e+02;6.730606e+02;1.483372e+00;9.415034e+02;4.309871e+02;2.161407e+03
1992;101908.0;1.922808e+04;1.926580e+04;3.689944e+03;2.737801e+03;1.363593e+01;2.632633e+02;6.754011e+02;1.494131e+00;9.819026e+02;4.480280e+02;2.199653e+03
1993;105344.1;2.127292e+04;2.041213e+04;3.673721e+03;2.714551e+03;1.372106e+01;2.681315e+02;6.774768e+02;1.677392e+00;9.714985e+02;4.349362e+02;2.209449e+03
1994;105921.4;2.186284e+04;2.079654e+04;3.761590e+03;2.790564e+03;1.391856e+01;2.764168e+02;6.808272e+02;1.680319e+00;9.728561e+02;4.618343e+02;2.270340e+03
1995;106017.1;2.181404e+04;2.095987e+04;3.836630e+03;2.835967e+03;1.414809e+01;2.883411e+02;6.983201e+02;1.771702e+00;9.995836e+02;4.541959e+02;2.329105e+03
1996;108598.1;2.304505e+04;2.157267e+04;3.917418e+03;2.902341e+03;1.421959e+01;2.963338e+02;7.046582e+02;1.787242e+00;1.031797e+03;4.263216e+02;2.410605e+03
1997;105649.3;1.997034e+04;2.023956e+04;3.884036e+03;2.860095e+03;1.405186e+01;3.018126e+02;7.082115e+02;1.803659e+00;1.041191e+03;4.375415e+02;2.336563e+03
1998;109655.5;2.292323e+04;2.139899e+04;3.952830e+03;2.931578e+03;1.406656e+01;3.028838e+02;7.044409e+02;1.871617e+00;1.046636e+03;3.981467e+02;2.446770e+03
1999;110764.3;2.441919e+04;2.275323e+04;4.020868e+03;3.003027e+03;1.410346e+01;3.056186e+02;6.982394e+02;1.890828e+00;1.060736e+03;4.941975e+02;2.403329e+03
2000;111621.5;2.374078e+04;2.243477e+04;4.104184e+03;3.070694e+03;1.430102e+01;3.134060e+02;7.059192e+02;1.929798e+00;1.083294e+03;5.232228e+02;2.427231e+03
2001;106692.1;2.223997e+04;2.196188e+04;4.227042e+03;3.184464e+03;1.426410e+01;3.168011e+02;7.116442e+02;1.936607e+00;1.142740e+03;5.268942e+02;2.478141e+03
2002;105436.8;2.193301e+04;2.153544e+04;4.309703e+03;3.252061e+03;1.431600e+01;3.228828e+02;7.205710e+02;1.957427e+00;1.152662e+03;5.700190e+02;2.508179e+03
2003;106631.7;2.215083e+04;2.129382e+04;4.432604e+03;3.325251e+03;1.449522e+01;3.391942e+02;7.538137e+02;2.687312e+00;1.186551e+03;4.958632e+02;2.668688e+03
2004;108117.9;2.183321e+04;2.121705e+04;4.500203e+03;3.342155e+03;1.481467e+01;3.571510e+02;7.862873e+02;2.745403e+00;1.215697e+03;5.165219e+02;2.691089e+03
2005;106033.0;2.176579e+04;2.095360e+04;4.575927e+03;3.370805e+03;1.498086e+01;3.738002e+02;8.165592e+02;2.809206e+00;1.221139e+03;5.222172e+02;2.757098e+03
2006;110568.9;2.314127e+04;2.148693e+04;4.678663e+03;3.431168e+03;1.506940e+01;3.912370e+02;8.415290e+02;2.871895e+00;1.230681e+03;5.293301e+02;2.843677e+03
2007;108823.9;2.368875e+04;2.226148e+04;4.709837e+03;3.402773e+03;1.501543e+01;4.143139e+02;8.780685e+02;2.922128e+00;1.242464e+03;5.091481e+02;2.882734e+03
2008;111011.5;2.525676e+04;2.320331e+04;4.790610e+03;3.432396e+03;1.524743e+01;4.332033e+02;9.100661e+02;2.976910e+00;1.256006e+03;5.250909e+02;2.943805e+03
2009;107095.9;2.250762e+04;2.205407e+04;4.792092e+03;3.464259e+03;1.526353e+01;4.308362e+02;8.820334e+02;2.948975e+00;1.276215e+03;5.861782e+02;2.847725e+03
2010;113412.3;2.483237e+04;2.322389e+04;4.822063e+03;3.445278e+03;1.553247e+01;4.518007e+02;9.097234e+02;2.978862e+00;1.236741e+03;5.513139e+02;2.954086e+03
